
GRAFO: Matriz de Adjacencia
000 000 140 000 000 000 070 000 000 000 000 000 000 276 000 000 000 000 000 198 000 115 250 000 000 000 000 000 000 000 000 000 000 000 000 247 000 000 000 000 000 000 298 000 000 
000 000 000 000 000 159 000 000 261 000 000 000 000 000 000 152 000 169 000 000 000 000 269 010 126 000 222 000 082 000 117 126 000 000 000 000 000 000 000 000 000 000 000 000 000 
140 000 000 000 000 000 003 000 000 000 000 000 044 000 000 038 000 000 052 000 051 137 000 000 000 000 000 159 083 000 147 000 000 044 000 000 188 000 000 255 000 000 000 000 000 
000 000 000 000 000 000 274 000 000 000 000 000 195 000 095 000 000 000 042 000 000 236 000 000 000 000 000 000 000 000 000 000 000 000 000 000 000 000 000 000 000 000 000 000 059 
000 000 000 000 000 000 000 000 000 000 000 132 000 000 160 000 059 163 125 000 000 000 000 000 000 000 000 000 000 236 000 089 000 000 000 198 000 235 122 068 000 000 000 055 000 
000 159 000 000 000 000 000 000 000 230 000 000 000 000 000 000 000 000 000 117 000 000 000 000 000 000 000 000 086 000 000 000 000 000 000 111 000 244 000 000 000 000 025 000 000 
070 000 003 274 000 000 000 000 000 000 000 000 000 000 000 000 000 000 000 000 000 214 000 000 000 016 000 071 000 000 000 000 000 124 000 000 000 000 000 000 199 000 000 126 000 
000 000 000 000 000 000 000 000 000 000 000 000 026 000 000 000 000 000 000 165 000 000 000 000 000 000 000 000 000 000 000 000 000 000 000 000 000 000 000 000 280 000 000 000 000 
000 261 000 000 000 000 000 000 000 000 000 000 000 000 000 000 000 000 000 000 105 000 000 000 000 000 000 000 000 000 000 000 031 000 000 000 000 000 000 203 167 000 000 000 000 
000 000 000 000 000 230 000 000 000 000 000 000 000 000 000 000 000 211 000 000 000 000 000 000 000 000 090 000 000 000 000 000 183 000 000 000 000 000 000 000 068 000 000 000 000 
000 000 000 000 000 000 000 000 000 000 000 000 000 210 000 000 000 000 000 000 028 000 000 000 000 000 000 000 000 165 000 000 000 000 000 000 000 135 000 000 000 189 000 000 000 
000 000 000 000 132 000 000 000 000 000 000 000 000 000 000 000 059 000 061 000 000 000 000 000 000 000 000 000 000 181 104 216 000 105 000 000 000 000 268 000 000 000 000 000 000 
000 000 044 195 000 000 000 026 000 000 000 000 000 073 000 000 000 000 000 000 000 000 000 000 000 000 000 000 000 000 000 000 000 000 000 000 000 000 000 000 000 000 000 000 000 
276 000 000 000 000 000 000 000 000 000 210 000 073 000 000 249 081 000 000 000 000 000 000 000 147 033 000 000 000 000 000 050 000 000 021 000 000 000 000 000 000 034 156 000 000 
000 000 000 095 160 000 000 000 000 000 000 000 000 000 000 000 000 000 000 000 000 000 298 000 000 000 000 000 000 000 031 188 000 000 000 000 000 000 000 000 000 000 000 000 000 
000 152 038 000 000 000 000 000 000 000 000 000 000 249 000 000 000 000 000 000 000 198 000 000 000 081 219 000 000 016 000 000 200 000 000 000 000 196 000 000 000 000 000 000 000 
000 000 000 000 059 000 000 000 000 000 000 059 000 081 000 000 000 000 000 000 000 000 045 000 000 000 000 267 000 000 000 148 203 000 000 010 000 000 000 000 000 000 163 285 025 
000 169 000 000 163 000 000 000 000 211 000 000 000 000 000 000 000 000 000 000 000 000 000 000 000 000 000 000 000 000 000 106 000 000 000 000 199 000 000 000 000 000 000 000 000 
000 000 052 042 125 000 000 000 000 000 000 061 000 000 000 000 000 000 000 000 000 000 000 000 000 000 185 000 000 000 000 000 000 000 062 088 000 040 000 000 221 000 000 000 000 
198 000 000 000 000 117 000 165 000 000 000 000 000 000 000 000 000 000 000 000 000 000 000 217 000 000 046 000 000 000 000 000 000 000 000 000 000 000 000 000 000 000 000 000 000 
000 000 051 000 000 000 000 000 105 000 028 000 000 000 000 000 000 000 000 000 000 000 000 000 000 000 000 000 000 000 000 074 000 000 000 000 000 000 000 119 098 000 000 000 000 
115 000 137 236 000 000 214 000 000 000 000 000 000 000 000 198 000 000 000 000 000 000 000 206 000 000 000 000 000 000 000 000 000 000 000 000 000 000 000 000 000 284 000 155 000 
250 269 000 000 000 000 000 000 000 000 000 000 000 000 298 000 045 000 000 000 000 000 000 000 000 000 000 000 000 085 101 000 000 084 072 000 000 000 000 000 000 000 000 000 000 
000 010 000 000 000 000 000 000 000 000 000 000 000 000 000 000 000 000 000 217 000 206 000 000 000 176 000 000 135 000 000 000 000 000 000 000 000 231 000 000 000 000 000 000 000 
000 126 000 000 000 000 000 000 000 000 000 000 000 147 000 000 000 000 000 000 000 000 000 000 000 000 000 128 000 000 000 158 215 000 050 000 000 000 085 000 297 000 251 000 000 
000 000 000 000 000 000 016 000 000 000 000 000 000 033 000 081 000 000 000 000 000 000 000 176 000 000 158 212 000 000 000 000 000 000 000 000 000 000 051 000 000 000 000 000 000 
000 222 000 000 000 000 000 000 000 090 000 000 000 000 000 219 000 000 185 046 000 000 000 000 000 158 000 000 000 000 000 000 000 000 000 000 000 000 000 000 000 000 000 000 000 
000 000 159 000 000 000 071 000 000 000 000 000 000 000 000 000 267 000 000 000 000 000 000 000 128 212 000 000 000 283 039 077 000 000 000 000 000 000 000 000 000 000 163 000 000 
000 082 083 000 000 086 000 000 000 000 000 000 000 000 000 000 000 000 000 000 000 000 000 135 000 000 000 000 000 000 000 000 000 000 000 000 000 086 000 122 000 107 146 000 000 
000 000 000 000 236 000 000 000 000 000 165 181 000 000 000 016 000 000 000 000 000 000 085 000 000 000 000 283 000 000 000 055 165 000 000 000 000 000 000 000 000 000 000 000 292 
000 117 147 000 000 000 000 000 000 000 000 104 000 000 031 000 000 000 000 000 000 000 101 000 000 000 000 039 000 000 000 000 000 000 000 000 000 000 000 000 000 000 000 000 000 
000 126 000 000 089 000 000 000 000 000 000 216 000 050 188 000 148 106 000 000 074 000 000 000 158 000 000 077 000 055 000 000 000 000 000 000 000 080 000 000 131 000 000 000 125 
000 000 000 000 000 000 000 000 031 183 000 000 000 000 000 200 203 000 000 000 000 000 000 000 215 000 000 000 000 165 000 000 000 000 000 000 000 051 000 000 000 000 000 000 046 
000 000 044 000 000 000 124 000 000 000 000 105 000 000 000 000 000 000 000 000 000 000 084 000 000 000 000 000 000 000 000 000 000 000 000 000 000 000 000 000 000 000 000 000 000 
000 000 000 000 000 000 000 000 000 000 000 000 000 021 000 000 000 000 062 000 000 000 072 000 050 000 000 000 000 000 000 000 000 000 000 000 000 000 163 000 000 229 226 000 000 
247 000 000 000 198 111 000 000 000 000 000 000 000 000 000 000 010 000 088 000 000 000 000 000 000 000 000 000 000 000 000 000 000 000 000 000 000 000 000 000 000 000 030 000 000 
000 000 188 000 000 000 000 000 000 000 000 000 000 000 000 000 000 199 000 000 000 000 000 000 000 000 000 000 000 000 000 000 000 000 000 000 000 000 000 000 000 160 000 000 000 
000 000 000 000 235 244 000 000 000 000 135 000 000 000 000 196 000 000 040 000 000 000 000 231 000 000 000 000 086 000 000 080 051 000 000 000 000 000 000 000 000 000 000 000 105 
000 000 000 000 122 000 000 000 000 000 000 268 000 000 000 000 000 000 000 000 000 000 000 000 085 051 000 000 000 000 000 000 000 000 163 000 000 000 000 000 000 000 000 000 000 
000 000 255 000 068 000 000 000 203 000 000 000 000 000 000 000 000 000 000 000 119 000 000 000 000 000 000 000 122 000 000 000 000 000 000 000 000 000 000 000 000 000 000 000 000 
000 000 000 000 000 000 199 280 167 068 000 000 000 000 000 000 000 000 221 000 098 000 000 000 297 000 000 000 000 000 000 131 000 000 000 000 000 000 000 000 000 000 000 000 000 
000 000 000 000 000 000 000 000 000 000 189 000 000 034 000 000 000 000 000 000 000 284 000 000 000 000 000 000 107 000 000 000 000 000 229 000 160 000 000 000 000 000 223 000 083 
298 000 000 000 000 025 000 000 000 000 000 000 000 156 000 000 163 000 000 000 000 000 000 000 251 000 000 163 146 000 000 000 000 000 226 030 000 000 000 000 000 223 000 000 000 
000 000 000 000 055 000 126 000 000 000 000 000 000 000 000 000 285 000 000 000 000 155 000 000 000 000 000 000 000 000 000 000 000 000 000 000 000 000 000 000 000 000 000 000 000 
000 000 000 059 000 000 000 000 000 000 000 000 000 000 000 000 025 000 000 000 000 000 000 000 000 000 000 000 000 292 000 125 046 000 000 000 000 105 000 000 000 083 000 000 000 

<Boruvka> 

AGM:
6 --> 0 	| Peso: 70
23 --> 1 	| Peso: 10
6 --> 2 	| Peso: 3
18 --> 3 	| Peso: 42
43 --> 4 	| Peso: 55
42 --> 5 	| Peso: 25
12 --> 7 	| Peso: 26
32 --> 8 	| Peso: 31
40 --> 9 	| Peso: 68
20 --> 10 	| Peso: 28
16 --> 11 	| Peso: 59
34 --> 13 	| Peso: 21
30 --> 14 	| Peso: 31
29 --> 15 	| Peso: 16
35 --> 16 	| Peso: 10
31 --> 17 	| Peso: 106
37 --> 18 	| Peso: 40
26 --> 19 	| Peso: 46
21 --> 0 	| Peso: 115
22 --> 16 	| Peso: 45
34 --> 24 	| Peso: 50
25 --> 6 	| Peso: 16
30 --> 27 	| Peso: 39
28 --> 1 	| Peso: 82
31 --> 13 	| Peso: 50
33 --> 2 	| Peso: 44
41 --> 36 	| Peso: 160
38 --> 25 	| Peso: 51
39 --> 4 	| Peso: 68
41 --> 13 	| Peso: 34
44 --> 16 	| Peso: 25
25 --> 13 	| Peso: 33
12 --> 2 	| Peso: 44
42 --> 35 	| Peso: 30
37 --> 32 	| Peso: 51
20 --> 2 	| Peso: 51
28 --> 2 	| Peso: 83
26 --> 9 	| Peso: 90
15 --> 2 	| Peso: 38
27 --> 6 	| Peso: 71
44 --> 32 	| Peso: 46
16 --> 4 	| Peso: 59
40 --> 20 	| Peso: 98
18 --> 2 	| Peso: 52

O Peso da AGM eh: 2212 
